1783 1789 1797 1799 1801 1802 1807 1809 1812 1813 1814 1816 1817 1818 1819 1820 1821 1822 1823 1824 
1825 1826 1827 1828 1829 1830 1831 1832 1833 1834 1835 1836 1837 1838 1839 1840 1841 1842 1843 1844 
1845 1846 1847 1848 1849 1850 1851 1852 1853 1854 1855 1856 1857 1858 1859 1860 1861 1862 1863 1864 
1865 1866 1867 1868 1869 1870 1871 1872 1873 1874 1875 1876 1877 1878 1879 1880 1881 1882 1883 1884 
1885 1886 1887 1888 1889 1890 1891 1892 1893 1894 1895 1896 1897 1898 1899 1900 1901 1902 1903 1904 
1905 1906 1907 1908 1909 1910 1911 1912 1913 1914 1915 1916 1917 1918 1919 1920 1921 1922 1923 1924 
1925 1926 1927 1928 1929 1930 1931 1932 1933 1934 1935 1936 1937 1938 1939 1940 1941 1942 1943 1944 
1945 1946 1947 1948 1949 1950 1951 1952 1953 1954 1955 1956 1957 1958 1959 1960 1961 1962 1963 1964 
1965 1966 1967 1968 1969 1970 1971 1972 1973 1974 1975 1976 1977 1978 1979 1980 1981 1982 1983 1985 
1993 2007 2020 2021 2055 2073 2079 2084 2088 2090 2092 2094 2141 2162 2213 2214 2223 2227 2245 2252 
2262 2271 2283 2304 2315 2325 2334 2342 2343 2345 2371 2396 2423 2434 2440 2776 2777 2778 2779 2781 
2783 2784 2785 2786 2787 2788 2791 2792 2793 2794 2796 2797 2798 2799 2802 2803 2804 2806 2807 2808 
2809 2810 2811 2812 2813 2814 2815 2816 2817 2818 2819 2820 2821 2822 2823 2825 2827 2828 2829 2831 
2832 2833 2834 2835 2837 2838 2839 2840 2842 2843 2845 2849 2850 2851 2922 2923 2924 2925 2926 2927 
2929 2930 2931 3465 3584 